Name	Crit_1_tech	Crit_1_res	Crit_1_op
NUCLEAR	0.000000	0.000000	0.000000
CCGT	0.000000	0.000000	0.000000
CCGT_AMMONIA	0.000000	0.000000	0.000000
COAL_US	0.000000	0.000000	0.000000
COAL_IGCC	0.000000	0.000000	0.000000
PV	6.836377	0.000000	0.000000
WIND_ONSHORE	0.950742	0.000000	0.012238
WIND_OFFSHORE	0.888574	0.000000	0.017287
HYDRO_RIVER	0.016843	0.000000	0.000055
GEOTHERMAL	0.000000	0.000000	0.000000
IND_COGEN_GAS	0.436185	0.000000	9.362378
IND_COGEN_WOOD	0.000000	0.000000	0.000001
IND_COGEN_WASTE	0.000000	0.000000	0.000000
IND_BOILER_GAS	0.019297	0.000000	0.748757
IND_BOILER_WOOD	0.000000	0.000000	0.000001
IND_BOILER_OIL	0.000000	0.000000	0.000000
IND_BOILER_COAL	0.114544	0.000000	60.474966
IND_BOILER_WASTE	0.082619	0.000000	1.031947
IND_DIRECT_ELEC	0.000452	0.000000	0.000000
DHN_HP_ELEC	0.312473	0.000000	0.014275
DHN_COGEN_GAS	0.196535	0.000000	4.608753
DHN_COGEN_WOOD	0.000000	0.000000	0.000000
DHN_COGEN_WASTE	0.000000	0.000000	0.000000
DHN_COGEN_WET_BIOMASS	0.000000	0.000000	0.000000
DHN_COGEN_BIO_HYDROLYSIS	0.000000	0.000000	0.000000
DHN_BOILER_GAS	0.000000	0.000000	0.000000
DHN_BOILER_WOOD	0.000000	0.000000	0.000000
DHN_BOILER_OIL	0.000000	0.000000	0.000000
DHN_DEEP_GEO	0.000000	0.000000	0.000000
DHN_SOLAR	0.000000	0.000000	0.000000
DEC_HP_ELEC	1.190382	0.000000	0.036833
DEC_THHP_GAS	0.555915	0.000000	0.204361
DEC_COGEN_GAS	0.000000	0.000000	0.000000
DEC_COGEN_OIL	0.000000	0.000000	0.000002
DEC_ADVCOGEN_GAS	0.000000	0.000000	0.000000
DEC_ADVCOGEN_H2	0.000000	0.000000	0.000000
DEC_BOILER_GAS	0.000000	0.000000	0.000000
DEC_BOILER_WOOD	0.000000	0.000000	0.000000
DEC_BOILER_OIL	0.000000	0.000000	0.000000
DEC_SOLAR	0.000003	0.000000	0.000000
DEC_DIRECT_ELEC	0.000000	0.000000	0.000000
TRAMWAY_TROLLEY	0.086738	0.000000	0.000000
BUS_COACH_DIESEL	0.000000	0.000000	0.000000
BUS_COACH_HYDIESEL	0.000000	0.000000	0.000000
BUS_COACH_CNG_STOICH	2.245288	0.000000	4.429491
BUS_COACH_FC_HYBRIDH2	0.000000	0.000000	0.000000
BUS_COACH_ELECTRIC	0.000000	0.000000	0.000000
TRAIN_PUB	0.000000	0.000000	0.000000
CAR_GASOLINE	5.735310	0.000000	1.869755
CAR_DIESEL	0.000000	0.000000	0.000000
CAR_NG	0.000000	0.000000	0.000000
CAR_METHANOL	0.000000	0.000000	0.000000
CAR_HEV	0.000000	0.000000	0.000000
CAR_PHEV	0.000001	0.000000	0.000000
CAR_BEV	29.637035	0.000000	1.385947
CAR_FUEL_CELL	0.000000	0.000000	0.000000
TRAIN_FREIGHT	0.192910	0.000000	0.597144
BOAT_FREIGHT_DIESEL	0.000000	0.000000	0.000000
BOAT_FREIGHT_NG	0.000000	0.000000	0.000000
BOAT_FREIGHT_METHANOL	0.153782	0.000000	9.991290
TRUCK_DIESEL	3.888112	0.000000	7.838654
TRUCK_METHANOL	1.462103	0.000000	3.434493
TRUCK_FUEL_CELL	0.000000	0.000000	0.000000
TRUCK_ELEC	0.000001	0.000000	0.000000
TRUCK_NG	0.000000	0.000000	0.000000
HABER_BOSCH	0.000001	0.000000	0.000000
SYN_METHANOLATION	0.000000	0.000000	0.000000
METHANE_TO_METHANOL	0.000000	0.000000	0.000000
BIOMASS_TO_METHANOL	0.000000	0.000000	0.000000
OIL_TO_HVC	0.000000	0.000000	0.000000
GAS_TO_HVC	0.000000	0.000000	0.000000
METHANOL_TO_HVC	3.751254	0.000000	0.000000
ADLIBIO_TO_HVC	0.000000	0.000000	0.000000
PHS	2.615624	0.000000	0.000000
BATT_LI	0.000000	0.000000	0.000000
BEV_BATT	0.000000	0.000000	0.000000
PHEV_BATT	0.000002	0.000000	0.000000
TS_DEC_DIRECT_ELEC	0.000000	0.000000	0.000000
TS_DEC_HP_ELEC	0.089098	0.000000	0.000000
TS_DEC_THHP_GAS	0.008773	0.000000	0.000000
TS_DEC_COGEN_GAS	0.000000	0.000000	0.000000
TS_DEC_COGEN_OIL	0.000000	0.000000	0.000000
TS_DEC_ADVCOGEN_GAS	0.000000	0.000000	0.000000
TS_DEC_ADVCOGEN_H2	0.000000	0.000000	0.000000
TS_DEC_BOILER_GAS	0.000000	0.000000	0.000000
TS_DEC_BOILER_WOOD	0.000000	0.000000	0.000000
TS_DEC_BOILER_OIL	0.000000	0.000000	0.000000
TS_DHN_DAILY	0.000000	0.000000	0.000000
TS_DHN_SEASONAL	1.000037	0.000000	0.000000
TS_HIGH_TEMP	0.004749	0.000000	0.000000
GAS_STORAGE	3.790933	0.000000	0.000000
H2_STORAGE	0.000002	0.000000	0.000000
DIESEL_STORAGE	0.000010	0.000000	0.000000
GASOLINE_STORAGE	0.003986	0.000000	0.000000
LFO_STORAGE	0.000014	0.000000	0.000000
AMMONIA_STORAGE	0.000034	0.000000	0.000000
METHANOL_STORAGE	0.000089	0.000000	0.000000
CO2_STORAGE	0.000001	0.000000	0.000000
ADLIBIO_TO_FUEL	0.730178	0.000000	0.808058
AMMONIA_TO_H2	0.000000	0.000000	0.000000
ATM_CCS	0.000000	0.000000	0.000000
BIO_HYDROLYSIS	0.119232	0.000000	5.497734
BIOMETHANATION	0.009537	0.000000	0.006998
DHN	0.000000	0.000000	0.000000
EFFICIENCY	0.000000	0.000000	0.000000
GASIFICATION_SNG	0.000000	0.000000	0.000000
GRID	1.681388	0.000000	0.000000
H2_BIOMASS	0.021297	0.000000	0.016396
H2_ELECTROLYSIS	0.000000	0.000000	0.000000
INDUSTRY_CCS	0.000000	0.000000	0.000000
REDIFUEL	0.000000	0.000000	0.000000
SMR	0.000000	0.000000	0.000000
SYN_METHANATION	0.000000	0.000000	0.000000
AMMONIA	0.000000	0.000000	0.000000
AMMONIA_RE_BE	0.000000	0.000000	0.000000
AMMONIA_RE_IMPORT	0.000000	28.020291	0.000000
BIODIESEL	0.000000	0.000000	0.000000
BIODIESEL_BE	0.000000	0.000000	0.000000
BIOETHANOL	0.000000	0.000000	0.000000
CO2_ATM	0.000000	0.000000	0.000000
CO2_CAPTURED	0.000000	0.000000	0.000000
CO2_EMISSIONS	0.000000	0.000000	0.000000
CO2_INDUSTRY	0.000000	0.000000	0.000000
COAL	0.000000	7.736917	0.000000
DIESEL	0.000000	6.865390	0.000000
ELEC_EXPORT	0.000000	0.000000	0.000000
ELECTRICITY	0.000000	6.094113	0.000000
GAS	0.000000	12.337944	0.000000
GAS_RE_BE	0.000000	0.000000	0.000000
GAS_RE_IMPORT	0.000000	0.000000	0.000000
GASOLINE	0.000000	2.487485	0.000000
H2	0.000000	0.000000	0.000000
H2_RE_BE	0.000000	0.000000	0.000000
H2_RE_IMPORT	0.000000	0.000000	0.000000
LFO	0.000000	0.000001	0.000000
LFO_RE_BE	0.000000	0.000000	0.000000
METHANOL	0.000000	18.565308	0.000000
METHANOL_RE_BE	0.000000	0.000000	0.000000
METHANOL_RE_IMPORT	0.000000	0.000000	0.000000
RES_GEO	0.000000	0.000000	0.000000
RES_HYDRO	0.000000	0.000000	0.000000
RES_SOLAR	0.000000	0.000000	0.000000
RES_WIND	0.000000	0.000000	0.000000
URANIUM	0.000000	0.000000	0.000000
WASTE	0.000000	0.000000	0.000000
WET_BIOMASS	0.000000	9.798715	0.000000
WOOD	0.000000	3.876584	0.000000
WOOD_PRODUCTION	0.000000	0.000000	0.000000
